Particle size in micron   

   23.6126
   25.3506
   29.2035
   31.9611
   22.8878
   23.9109
   26.9044
   22.6210
   22.3612
   21.0088
   22.3859
   45.4344
   24.8817
   93.6232
   37.5610
   22.9737
   47.3563
   26.9219
   43.6213
   35.9006
   26.1318
   41.7187
   23.9574
   24.7238
   38.9364
   40.7732
   55.7956
   25.1659
   31.0422
   34.2199
   23.4748
   33.8466
   27.4403
   25.5294
   23.0614
   31.0786
   44.3043
   40.7240
   50.7879
   78.9044
   47.7616
   64.3450
   54.5213
   26.5621
   30.8867
   21.8682
   41.1008
   56.0113
   35.1392
   24.3719
   51.0297
   32.6987
   23.6678
   43.6852
   33.6215
   40.5511
   30.6856
   55.0529
   46.1086
   51.5884
   36.2565
   21.6668
   25.1939
   31.9294
   23.7285
   42.8659
   41.0488
   79.9650
   54.3828
   25.0946
   27.0502
   47.0646
   31.2507
   66.3105
   33.9819
   32.4970
   23.6583
   24.8256
   26.0000
   37.9530
   40.5824
   22.3351
   51.2516
   29.0611
   50.3214
   52.4957
   31.0412
   45.0425
   33.3768
   21.8786
   56.5095
   55.8681
   38.7608
   22.9015
   21.6384
   70.1997
   65.2931
   25.5542
   41.4743
   26.0582
   74.4625
   33.7459
   40.4650
   28.6400
   46.3415
   21.6185
   43.6849
   51.0936
   23.4514
   26.3515
   56.7795
   30.8097
   25.7191
   38.6111
   26.8893
   24.8451
   31.4845
   60.1272
   26.8890
   22.1991
   29.3213
   25.6628
   64.4146
   22.3328
   69.4495
   42.2659
   63.2727
   48.5222
   71.8966
   26.1479
   23.7805
   46.1573
   39.9903
   25.0709
   27.4785
   40.3501
   59.6989
   36.3686
   30.1027
   26.3228
   28.1854
   50.3130
   40.3589
   39.9216
   24.0853
   26.1598
   35.0859
   39.7476
   20.6730
   25.7381
   33.7776
   22.3378
   24.6050
   28.9120
   63.4585
   62.3233
   72.5352
   54.6731
   20.3451
   28.3959
   30.1414
   73.8995
   59.8610
   35.4182
   29.9229
   21.8898
   22.8042
   54.9871
   21.3273
   35.9102
   28.5143
   31.9670
   30.8990
   28.2787
   34.1810
   50.2638
   21.8423
   39.2594
   23.7057
   21.4369
   37.9450
   34.8571
   34.3312
   36.9475
   26.8666
   36.1316
   30.3364
   34.6398
   59.0026
   48.2645
   32.9877
   43.0583
   28.3253
   26.3449
   29.8762
   28.1322
   24.9720
   22.4816
   35.5708
   65.7404
   20.7865
   33.0455
   24.2526
   45.0111
   31.5326
   32.1059
   34.1384
   26.0324
   25.9244
   20.9346
   22.2273
   71.1988
   30.0106
   26.9964
   24.0611
   23.0286
   42.1579
   32.7847
   21.6055
   28.7502
   23.5787
   25.2840
   37.7617
   23.7381
   65.3736
   37.0829
   29.5582
   50.6160
   24.0085
   22.5593
   30.5717
   25.3431
   26.4968
   24.3567
   24.7054
   22.9088
   62.1237
   50.3972
   30.2075
   24.8709
   34.9082
   38.3486
   21.9405
   33.9791
   45.0043
   67.7782
   59.9551
   63.6711
   31.7437
   25.6056
   31.0401
   23.6961
   24.9275
   24.2948
   22.4126
   29.4164
   32.2331
   24.6720
   34.4501
   24.9837
   22.6105
   22.6160
   39.9719
   30.2060
   40.9943
   23.4975
   32.1339
   35.9450
   37.1775
   21.5824
   26.7649
   37.8343
   39.3051
   28.1050
   29.1267
   57.5394
   23.5811
   22.3032
   26.9859
   78.9034
   21.2228
   32.8290
   23.6834
   24.3324
   25.5586
   38.5261
   26.7332
   33.1027
   33.2173
   61.4838
   22.8612
   64.6695
   21.4923
   77.2927
   25.0009
   36.3381
   77.1564
   60.9835
   21.6441
   65.8879
   22.7201
   25.7748
   49.9934
   41.2698
   65.4696
   21.5606
   41.9183
   24.2403
   31.0330
   50.2332
   68.7230
   25.7484
   55.3676
   24.4876
   22.1284
   40.6283
   60.7066
   39.7290
   25.5710
   22.8589
   31.7666
   22.2881
   38.8048
   45.6680
   30.6705
   61.3320
   48.1284
   37.6482
   34.6786
   22.9844
   24.8254
   25.6109
   27.9761
   26.1729
   23.9689
   27.2745
   24.4471
   40.5943
   23.9684
   23.4466
   39.6780
   26.9523
   22.5149
   30.4944
   26.3965
   33.1562
   42.4308
   23.1635
   30.1292
   36.2276
   21.8180
   34.8094
   30.4592
   63.8062
   61.8187
   20.7357
   29.9109
   35.2122
   22.9178
   67.6904
   21.6828
   65.7354
   62.4263
   21.8497
   24.9314
   36.6153
   73.8028
   66.5468
   53.1511
   26.4738
   26.4456
   34.0582
   53.2278
   42.6368
   60.1655
   24.0483
   67.7414
   20.8391
   25.0145
   34.9924
   32.1373
   29.4590
   46.1602
   48.0470
   21.9996
   48.3374
   57.9583
   26.1156
   36.5117
   34.9085
   38.0116
   37.1463
   21.8953
   27.9223
   22.3270
   39.0294
   56.7954
   25.1960
   23.2959
   30.5722
   27.3051
   45.5105
   83.2662
   22.5752
   22.6270
   28.9801
   22.3172
   25.6645
   27.3512
   23.6832
   31.4263
   52.1278
   25.2971
   53.0228
   72.2378
   61.4609
   39.3236
   61.3617
   31.0517
   45.7350
   32.3184
   25.9818
   55.1168
   36.0928
   23.8328
   62.9911
   31.4139
   85.5823
   30.2980
   21.0839
   27.9869
   26.7795
   29.8061
   61.2571
   26.8878
   33.9641
   25.7401
   24.1697
   30.3548
   26.2140
   26.4942
   63.7609
   24.1260
   25.6516
   41.8973
   27.6164
   29.7198
   21.7390
   27.8201
   26.3265
   30.9801
   29.1344
   29.9319
   24.7616
   24.4599
   35.1878
   22.0857
   71.6796
   41.4190
   26.6742
   28.2861
   25.9849
   84.8388
   51.0731
   27.9057
   29.8604
   21.2600
   25.5443
   27.4790
   28.5833
   30.8239
   36.4916
   22.6838
   25.7020
   42.7983
   25.4419
   26.7200
   32.4155
   36.8234
   24.5671
   40.8765
   32.7640
   22.7572
   27.2220
   49.2770
   29.6926
   23.2729
   43.2938
   22.1950
   39.6697
   38.5268
   25.9041
   35.8368
   26.8683
   23.0175
   28.3347
   38.9834
   42.7973
   27.8080
   26.3450
   40.5639
   21.4407
   61.5106
   27.2906
   22.3748
   33.1347
   21.0708
   23.0474
   32.8375
   50.7557
   56.3742
   24.4696
   27.6373
   24.3132
   30.8924
   39.9905
   23.3889
   52.6626
   25.4345
   77.5577
   24.8341
   40.4431
   36.2733
   21.2635
   27.9631
   20.8329
   76.4512
   21.5068
   27.6704
   37.6234
   26.5574
   36.4755
   22.7698
   21.4682
   42.2672
   49.4180
   32.5475
   25.3466
   29.6801
   27.4231
   24.6749
   23.5559
   33.6342
   37.2089
   29.3657
   24.1171
   28.0538
   25.0116
   36.7205
   39.3453
   24.6706
   40.5035
   30.4696
   30.0440
   20.5302
   24.5598
   24.0295
   23.9566
   75.8626
   61.7084
   27.5819
   37.2074
   22.7970
   31.9680
   31.2729
   30.0545
   62.4549
   21.2036
   23.3836
   28.7578
   52.8844
   26.9218
   38.2207
   31.4945
   56.8546
   61.9927
   26.5627
   25.5780
   29.7306
   31.7837
   65.9164
   25.4610
   23.7031
   57.0060
   58.2481
   22.9161
   53.1352
   33.1373
   40.3325
   24.8407
   26.8005
   29.6631
   26.0318
   27.2972
   24.6123
   41.7455
   66.1416
   33.6978
   43.5813
   65.7816
   71.6925
   29.8216
   25.9793
   78.6912
   29.6763
   24.3134
   22.8002
   51.6417
   26.4915
   22.1861
   63.7342
   41.3631
   43.3286
   58.9355
   29.6455
   31.0492
   30.4728
   37.1682
   21.8291
   36.5196
   32.7495
   41.2486
   36.0320
   23.6670
   28.2731
   28.8108
   26.0159
   29.2315
   34.8284
   36.7181
   31.6169
   21.3423
   22.6432
   26.4987
   35.9557
   31.2646
   63.9675
   29.7107
   31.9005
   25.1299
   38.5028
   22.5988
   45.8390
   46.0620
   36.8278
   32.8821
   27.7147
   47.8957
   66.6063
   34.2104
   36.3109
   29.3741
   31.3308
   23.6817
   65.3139
   20.4394
   29.1992
   42.4244
   34.8918
   24.3579
   58.7540
   22.1889
   45.1679
   23.0547
   75.8889
   43.0129
   32.6812
   31.8632
   31.3935
   29.5346
   24.3056
   26.5256
   56.2020
   21.5521
   39.9116
   35.5178
   54.6766
   31.1043
   26.8315
   59.9888
   24.3124
   73.3853
   29.9692
   22.4881
   36.5791
   40.2485
   70.2604
   40.3087
   25.7185
   42.8441
   29.0318
   43.3449
   24.4982
   41.3916
   31.0588
   60.8375
   68.1629
   28.8406
   30.4863
   27.1995
   23.8892
   34.1814
   35.3941
   36.4657
   29.8421
   36.2670
   36.8243
   62.4665
   21.6622
   49.4182
   41.9070
   25.5175
   21.5577
   24.3267
   20.6556
   60.9151
   23.6091
   24.2038
   33.4095
   67.8893
   23.3358
   46.6512
   41.8675
   26.8755
   25.0348
   46.1636
   31.5338
   28.2244
   33.6969
   56.5459
   27.7478
   37.2484
   24.9836
   65.2269
   67.8737
   23.9798
   63.5143
   50.2471
   34.3415
   73.8318
   41.3654
   25.9018
   21.8908
   24.4731
   30.8832
   27.6972
   23.8205
   35.8280
   64.3032
   42.9044
   31.4055
   39.9417
   24.2654
   36.1918
   32.8517
   26.7719
   37.9466
   45.7903
   38.7654
   31.7997
   49.2956
   34.2427
   33.9273
   25.2970
   37.6092
   33.4955
   42.1140
   40.6624
   35.1615
   54.0054
   33.8020
   64.5605
   31.7171
   26.1233
   28.2826
   60.8884
   58.9048
   24.3558
   24.6881
   28.7985
   26.0386
   22.7643
   35.0366
   24.1496
   22.9619
   80.9470
   20.9494
   40.1182
   35.1254
   25.5937
   23.6686
   23.2250
   31.7883
   26.6460
   32.7723
   31.2098
   25.7699
   28.4962
   24.1200
   32.9290
   53.9870
   22.5255
   28.2578
   44.6528
   37.8898
   25.6083
   26.9343
   29.6564
   26.9472
   26.0246
   32.1624
   25.5841
   29.9807
   29.3559
   32.5429
   38.9265
   22.9721
   41.4476
   22.0246
   56.1095
   60.5559
   22.8451
   32.3211
   22.6076
   35.8750
   21.8822
   38.4739
   65.2167
   42.3501
   34.9234
   44.0207
   32.1206
   23.8153
   29.1154
   37.0391
   39.4346
   32.8785
   36.7287
   25.5356
   58.9221
   37.6157
   33.4642
   32.4790
   21.5383
   26.2354
   31.2813
   21.8571
   26.4108
   23.9529
   23.6095
   41.8559
   21.4136
   57.9708
   47.4059
   30.4166
   30.0303
   27.2697
   23.3983
   21.5437
   43.4607
   41.1082
   45.9730
   20.8057
   50.3533
   31.3307
   32.1705
   31.1603
   37.3178
   24.1970
   37.2337
   52.5779
   32.5802
   46.3850
   46.4963
   33.6987
   42.7919
   33.2015
   43.7057
   32.1846
   32.7092
   20.8187
   81.3020
   24.9219
   25.8892
   28.2815
   65.0545
   32.8117
   21.5107
   23.2647
   21.7992
   38.3624
   37.9172
   38.4922
   22.0622
   32.2057
   41.3475
   25.6394
   25.8648
   28.3956
   37.8086
   60.5245
   21.9449
   47.0098
   38.9267
   38.5545
   24.1084
   22.9605
   26.3368
   22.0962
   21.6278
   36.8668
   26.3257
   40.5429
   21.3752
   30.1610
   56.0857
   46.0372
   28.9090
   29.7060
   45.7994
   22.5818
   21.5856
   21.5566
   27.5039
   36.1144
   36.3761
   39.4675
   30.0112
   26.8565
   41.2702
   39.4602
   34.2284
   28.8076
   37.3920
   27.3998
   25.3226
   38.4277
   52.6191
   59.6989
   59.3937
   40.3817
   52.8248
   27.0738
   72.6965
   25.5208
   41.6689
   26.3153
   29.3646
   26.6499
   39.7826
   34.0173
   31.6376
   29.6025
   35.1055
   31.5810
   37.0449
   26.9740
   29.5433
   49.2270
   29.6996
   46.5909
   21.9238
   28.8024
   26.9054
   60.3973
   30.3187
   38.6782
   41.1069
   36.9659
   37.5328
   23.0502
   25.0799
   22.9811
   21.8940
   26.5478
   35.0820
   25.9811
   25.7635
   22.9258
   55.8312
   22.3494
   26.4298
   62.2808
   38.4585
   30.1731
   50.0744
   28.5609
   23.7454
   53.8355
   71.3269
   29.4845
   31.7231
   22.7111
   24.9482
   27.9821
   26.6948
   30.5369
   31.9983
   46.3184
   34.9222
   58.9783
   24.3778
   28.2190
   25.7800
   25.9977
   35.3370
   24.0048
   23.0328
   63.6200
   34.8932
   83.7188
   31.8960
   30.8288
   26.1991
   44.2517
   33.4310
   24.6157
   40.1619
   23.1638
   23.9098
   24.4433
   23.9149
   25.2588
   32.6150
   31.7869
   37.0621
   30.1347
   33.0591
   53.2257
   67.6568
   24.0826
   27.1022
   30.6563
   28.8539
   26.7703
   45.9643
   27.3661
   22.4411
   22.3967
   23.5198
   24.6546
   33.5611
   26.7452
   47.2491
   57.0458
   22.1187
   24.8725
   37.0322
   42.8740
   27.0985
   94.1994
   27.9207
   36.9864
   53.2329
   39.0280
   23.1461
   31.7178
   25.5377
   23.4887
   30.4335
   29.5688
   24.8342
   25.7734
   36.4374
   33.4810
   38.6923
   29.2086
   25.4284
   28.1008
   50.7230
   58.9771
   25.8493
   21.2236
   62.6271
   38.6518
   23.0012
   27.9736
   23.4181
   65.9352
   26.8491
   29.1297
   28.2285
   44.3004
   21.4829
   30.6511
   32.3454
   29.3334
   73.3260
   62.7882
   66.4155
   64.6120
   25.7309
   21.8662
   25.5946
   31.5848
   26.0949
   44.3218
   20.8854
   79.7028
   23.5336
   76.8111
   26.8345
   42.0655
   55.8734
   25.2378
   54.4612
   24.0100
   35.9234
   24.4605
   43.7999
   85.4892
   38.7135
   50.1845
   32.9520
   24.9393
   60.4420
   23.6493
   36.2747
   23.8427
   44.3693
   22.8451
   59.2715
   25.3828
   39.9934
   23.5376
   24.9234
   35.4129
   25.0638
   32.5833
   23.1535
   30.1544
   23.9988
   22.6071
   43.5539
   34.2882
   52.9907
   50.1018
   39.9240
   33.7523
   33.4538
   38.0907
   34.0564
   32.8442
   35.8107
   28.4207
   31.6546
   26.8269
   49.4898
   28.6883
   52.0113
   49.8629
   22.9737
   25.4843
   24.5067
   50.8929
   74.9982
   24.6195
   21.9369
   31.7590
   29.9902
   29.9560
   23.6132
   51.7547
   32.4982
   39.9563
   30.8218
   25.0944
   48.1133
   49.3887
   77.3815
   23.0938
   40.7648
   28.5287
   42.8077
   21.5069
   21.9945
   38.9700
   33.2481
   24.0301
   34.1422
   24.3492
   51.0240
   40.6342
   92.0086
   21.2281
   21.8735
   70.9309
   22.4702
   28.6858
   25.4176
   32.6668
   34.9886
   46.8673
   31.7901
   28.4001
   24.8026
   31.8776
   59.0846
   21.7334
   29.9431
   20.5449
   27.1198
   21.1183
   25.5338
   24.6142
   23.7334
   24.4577
   45.2459
   23.6042
   21.3215
   81.8531
   63.6313
   26.6617
   26.1399
   33.5515
   33.8530
   40.5678
   26.3273
   33.3545
   33.2071
   62.5134
   54.9404
   29.9042
   35.2856
   52.0447
   61.7748
   72.6475
   38.6289
   35.2929
   29.3306
   53.0538
   60.9411
   42.0468
   61.9148
   28.7742
   42.1953
   28.4197
   37.8915
   59.1967
   25.2793
   25.2451
   25.3332
   64.4620
   26.7306
   69.7054
   24.6920
   56.3478
   26.8229
   91.9575
   23.2350
   33.3428
   45.5621
   31.7896
   70.2037
   33.4956
   63.3602
   29.0509
   21.5715
   25.0909
   26.4232
   35.9700
   22.2428
   43.6004
   62.6557
   60.2291
   38.5169
   45.3366
   34.8896
   41.4741
   21.9106
   25.9514
   35.0166
   22.0329
   21.9559
   40.5138
   39.2138
   22.5543
   28.0091
   39.1824
   38.6368
   26.4664
   32.3492
   29.1466
   26.9063
   57.9287
   23.0297
   24.3075
   32.5395
   25.3158
   60.3633
   31.0222
   29.1323
   36.2695
   27.2921
   48.8383
   45.8601
   49.6931
   25.9221
   28.4857
   24.2927
   31.9405
   67.0972
   28.2811
   33.9773
   64.6694
   25.9112
   33.3690
   50.7383
   23.5012
   29.2167
   43.4039
   54.9934
   63.5887
   62.4584
   26.1239
   25.4049
   52.6023
   26.9397
   25.3659
   24.4248
   29.8639
   26.6970
   25.7691
   26.0318
   34.8390
   30.6505
   65.1566
   75.7222
   36.7679
   44.8544
   69.3741
   60.6517
   25.4431
   29.1808
   65.1307
   25.9347
   64.5844
   71.3205
   22.6800
   63.5095
   41.3591
   21.9316
   31.3468
   62.4165
   23.3915
   20.9613
   65.3650
   32.6547
   66.8730
   27.0351
   58.1338
   70.0265
   64.3516
   31.8367
   75.5662
   35.6792
   58.4378
   54.1954
   23.5841
   24.7032
   29.7561
   32.5466
   29.0790
   23.0778
   22.6071
   31.7134
   34.3352
   60.6012
   22.2461
   24.6628
   26.3098
   31.6443
   30.6113
   90.1394
   21.6840
   26.2834
   29.2228
   38.5570
   24.8357
   61.1005
   25.4662
   21.4569
   23.0746
   38.1975
   35.0966
   41.4381
   55.0919
   52.1226
   58.6613
   28.1339
   23.7763
   40.6180
   34.6807
   60.7019
   26.2693
   36.1851
   24.6108
   67.1592
   47.4102
   63.7039
   26.9788
   34.5327
   32.2377
   28.2102
   28.3310
   29.5823
   32.8274
   41.4332
   31.0158
   24.5121
   25.4693
   26.9910
   26.0452
   42.8127
   43.6365
   24.1607
   24.0210
   39.2025
   35.7267
   29.7092
   21.2301
   27.9180
   28.1607
   21.3180
   24.8554
   25.9886
   22.1357
   30.0953
   31.6049
   22.4057
   52.7017
   30.4186
   28.5865
   21.4440
   79.3163
   38.8669
   53.9588
   27.0888
   24.1468
   23.4823
   34.7359
   21.6381
   22.6103
   71.5349
   52.9448
   31.7969
   27.3662
   48.3283
   22.5533
   22.7919
   21.9418
   29.6983
   23.0221
   23.8088
   43.4028
   28.1038
   45.8868
   37.9943
   31.3201
   29.6395
   36.0448
   23.3518
   23.0051
   39.7431
   34.1989
   21.5366
   25.3466
   33.4898
   24.3735
   31.9150
   30.2227
   24.2703
   21.9181
   47.2748
   25.9683
   42.7591
   29.9166
   33.1042
   27.1565
   34.1073
   49.2864
   38.9829
   44.2359
   57.6451
   33.6394
   31.9650
   23.5632
   25.7453
   22.7319
   21.2575
   67.4654
   22.7830
   40.5305
   55.8126
   44.8531
   31.3457
   54.0894
   66.7880
   26.7884
   26.8075
   64.5911
   37.4383
   55.7828
   21.5207
   33.5959
   23.4826
   27.4650
   42.2861
   51.6612
   39.1795
   38.9506
   26.1744
   53.1000
   47.2301
   31.2231
   42.6718
   31.7901
   23.5102
   67.7854
   31.1603
   76.8868
   89.4111
   21.9903
   71.7121
   33.9431
   38.5323
   20.3161
   29.3361
   54.0896
   25.4114
   20.5186
   27.5648
   25.8449
   32.9421
   29.3395
   32.5336
   32.8771
   22.6475
   27.2576
   24.9410
   56.5932
   36.7555
   28.2497
   23.4048
   21.2274
   42.2297
   42.3870
   44.5093
   30.7808
   32.2318
   32.4345
   26.1488
   42.9011
   20.7471
   36.2097
   26.3283
   33.1251
   58.2496
   62.6826
   57.4043
   28.1133
   24.0804
   23.2777
   24.0991
   27.5084
   32.2910
   47.9000
   25.6864
   80.7617
   25.5941
   31.2026
   24.2468
   23.8252
   38.9636
   30.7788
   33.0895
   24.6593
   73.6707
   26.4821
   35.6936
   56.3907
   34.3233
   56.5310
   25.4104
   28.0408
   26.2197
   25.3385
   33.9632
   32.3551
   57.2242
   47.4010
   40.0160
   30.6830
   68.6785
   30.0935
   30.0659
   30.0360
   29.7803
   60.8673
   38.5085
   27.3189
   58.9874
   74.8096
   30.6518
   22.2761
   24.4338
   23.6189
   27.2717
   25.8271
   42.8753
   29.5481
   51.0134
   24.2534
   28.0919
   21.0897
   60.3156
   28.8234
   47.3226
   38.6988
   43.2523
   29.2114
   27.0546
   42.4507
   22.5355
   23.7425
   42.8221
   30.4538
   22.4516
   30.1644
   42.2812
   24.1023
   36.1843
   25.3141
   52.1290
   22.2427
   22.5764
   29.8361
   36.3400
   23.3624
   28.1230
   27.1709
   87.6995
   36.9854
   26.4213
   67.1300
   29.3116
   40.6696
   52.2182
   41.2966
   22.7235
   37.8537
   34.3763
   23.6436
   46.4534
   22.3718
   34.4158
   26.5660
   29.2096
   30.0776
   31.3795
   42.0227
   23.9604
   37.5141
   30.8432
   22.2862
   43.5951
   62.5744
   25.4377
   42.2310
   36.9352
   30.1578
   36.6299
   36.8086
   80.0325
   38.6267
   39.1328
   27.0687
   26.9535
   35.8888
   32.1800
   29.4208
   28.2205
   25.8729
   36.3220
   22.2207
   30.8187
   23.1681
   25.8965
   33.2157
   80.1347
   31.2352
   25.3094
   43.4434
   36.1383
   26.6296
   26.3580
   26.9537
   76.5287
   57.5782
   24.3510
   37.0409
   26.5109
   34.3356
   44.7658
   31.9656
   44.0342
   73.2093
   24.9257
   41.2126
   91.9330
   22.0959
   22.8796
   32.9983
   31.2191
   25.3753
   26.8750
   34.3986
   23.8890
   38.8977
   25.2939
   40.5787
   26.8573
   20.2786
   99.3700
   22.4244
   41.0302
   28.7495
   29.9147
   31.4682
   48.3562
   30.2460
   41.5609
   92.0273
   23.6224
   28.5956
   33.8129
   27.1717
   24.5313
   35.3037
   22.4356
   80.7110
   26.7020
   87.4764
   25.9699
   21.8702
   20.4797
   47.7442
   23.6794
   24.6082
   20.5607
   32.3077
   30.1864
   28.9538
   22.7277
   24.5645
   26.4430
   84.2858
   23.8005
   25.5178
   34.6161
   22.6820
   51.0815
   36.6311
   28.3251
   30.1814
   22.4844
   34.1303
   26.1931
   33.3975
   33.6505
   32.1723
   29.4544
   27.4179
   25.7503
   33.7071
   41.7237
   26.1677
   62.9335
   65.6242
   56.3622
   48.8539
   65.1657
   37.8951
   38.4725
   38.2455
   35.2783
   54.5810
   68.1951
   58.5369
   31.4763
   24.3533
   86.7895
   24.2154
   31.1631
   29.8866
   36.5999
   71.3562
   29.4378
   23.4767
   55.8704
   24.5038
   23.4947
   25.3162
   38.4180
   26.5702
   44.4994
   47.7803
   45.4950
   22.1576
   22.7651
   32.0509
   35.9118
   23.5440
   33.4454
   31.2134
   50.4157
   51.2657
   26.9403
   26.4482
   28.6942
   24.1776
   49.5614
   32.6781
   65.5045
   43.0692
   23.1718
   23.7750
   27.8947
   31.2949
   27.3327
   37.5684
   22.5559
   22.7404
   48.0243
   60.3639
   47.5275
   44.3211
   19.9441
   58.5704
   27.6010
   33.9276
   23.4690
   73.3575
   22.7962
   28.1518
   61.5324
   23.0912
   56.8426
   21.6086
   35.7294
   24.8235
   23.9505
   26.7328
   26.3799
   44.6635
   41.8367
   25.7384
   50.0483
   42.3170
   23.8562
   24.6504
   34.6308
   24.5198
   28.7986
   27.1005
   48.4160
   25.1689
   31.7340
   37.9855
   75.0043
   54.3836
   34.5954
   65.3010
   30.7602
   22.2985
   41.6769
   30.9076
   22.3300
   35.3506
   29.5012
   35.4730
   31.0841
   27.3128
   51.1833
   25.4038
   60.7305
   45.1612
   36.2391
   38.3137
   33.5714
   35.7689
   29.8646
   67.9511
   23.6257
   21.4833
   22.5529
   23.3740
   38.4861
   26.0605
   33.8764
   35.0082
   25.6715
   30.0321
   29.8923
   28.7927
   35.5756
   24.6600
   44.7371
   25.5501
   22.9902
   35.3540
   31.6423
   32.1854
   30.6543
   27.4798
   40.8477
   22.1236
   32.2488
   25.5542
   27.2432
   30.8877
   30.6686
   35.7314
   26.0085
   24.6533
   26.0086
   39.3344
   43.3931
   67.1333
   24.5706
   23.7201
   51.2932
   26.1674
   26.2719
   63.6941
   40.8551
   25.8534
   25.4016
   29.4175
   22.2916
   41.3169
   41.9415
   42.1373
   22.6495
   26.6364
   49.4213
   28.6193
   33.4001
   22.0671
   27.4585
   47.9188
   56.9126
   25.9688
   23.8256
   65.3014
   34.8095
   56.6748
   47.5851
   26.6101
   31.2685
   34.0838
   62.9040
   31.7740
   28.2373
   24.7122
   27.1386
   56.1453
   31.6072
   61.6422
   25.9418
   45.1483
   37.9414
   91.7226
   24.9417
   60.9205
   27.3804
   23.6140
   21.7888
   37.1604
   23.8914
   56.6464
   21.8337
   33.9879
   72.4403
   82.7971
   21.9855
   23.3926
   54.6892
   27.5277
   25.0757
   38.2143
   30.5298
   56.4521
   36.1804
   21.5213
   29.9232
   24.6555
   23.6729
   33.6385
   71.4727
   23.5916
   23.3135
   26.6873
   77.8278
   40.6359
   33.7623
   23.4736
   20.5089
   22.5018
   23.0964
   21.2366
   21.6139
   48.4332
   44.8466
   22.6988
   21.9438
   31.6748
   32.1903
   26.6002
   22.9027
   29.5604
   23.2073
   30.5370
   23.0647
   37.2191
   24.6455
   30.0643
   24.0837
   36.6310
   60.9177
   62.7034
   65.6416
   49.5953
   50.8126
   26.3380
   24.4684
   26.6099
   41.5533
   48.7412
   25.5423
   26.8921
   59.4697
   47.7532
   23.2193
   33.5445
   26.5631
   32.6937
   41.1616
   47.6392
   52.5003
   51.9351
   32.9135
   43.5660
   51.1589
   51.1440
   40.2146
   32.3990
   37.9385
   39.7279
   35.3649
   30.7158
   64.7648
   49.4014
   61.2699
   45.5860
   43.9223
   30.7393
   66.8325
   43.5530
   38.7279
   37.4007
   21.3207
   49.1663
   32.9129
   66.6055
   21.8581
   22.9219
   29.8184
   20.5418
   25.0822
   37.5278
   27.3362
   53.3990
   38.4687
   45.1293
   33.5368
   47.1332
   25.5846
   41.4531
   23.7906
   57.6901
   24.7489
   28.9918
   31.6933
   26.1668
   46.7165
   74.7811
   36.3565
   21.4044
   62.9367
   21.5326
   65.3012
   33.7037
   25.3535
   24.7924
   27.6817
   33.0338
   28.9347
   26.6567
   45.1805
   28.0427
   33.1778
   23.0368
   25.7966
   29.4155
   27.3136
   81.1556
   24.2776
   39.4906
   36.0432
   51.6237
   27.6019
   59.9236
   36.0565
   23.0625
   28.5351
   61.7396
   20.6907
   23.7286
   24.2042
   31.7481
   23.0751
   24.3760
   28.9803
   26.2830
   24.2980
   39.0115
   31.4248
   36.0115
   29.7105
   38.3741
   32.9982
   25.4410
   54.3802
   35.8330
   27.9684
   27.5566
   29.7714
   36.2146
   39.2556
   26.0211
   36.6813
   39.9096
   39.0686
   51.1017
   20.9626
   64.8233
   76.9480
   31.3849
   81.0615
   21.5325
   61.2323
   23.8758
   22.5344
   38.8159
   23.7507
   28.4033
   24.2676
   27.3535
   76.6158
   26.1733
   35.7882
   26.8810
   58.0676
   30.5711
   22.2910
   29.4694
   20.2691
   24.3237
   37.2896
   25.3775
   30.8431
   29.0277
   21.6548
   54.4205
   25.1141
   53.1919
   58.8762
   21.2857
   43.9281
   40.7190
   47.0817
   23.4195
   70.1022
   44.7343
   29.8703
   24.2308
   26.2194
   40.3688
   75.0613
   29.0100
   23.7492
   28.6467
   32.7467
   39.0851
   40.2037
   40.3858
   59.6551
   51.0116
   22.3645
   37.8589
   32.0748
   66.5482
   22.0983
   25.5040
   28.0417
   24.3834
   21.8901
   48.6972
   33.6566
   50.2165
   30.9001
   23.5033
   49.6380
   50.7857
   54.2757
   39.9471
   26.7969
   23.2066
   36.0491
   26.7487
   64.5523
   61.4443
   60.4796
   25.3486
   60.6964
   25.0114
   25.2222
   52.0239
   24.1902
   30.1157
   54.9112
   59.7083
   25.1817
   20.7376
   37.0207
   23.0331
   21.1063
   33.7329
   30.3488
   22.4569
   33.0731
   33.9933
   55.9244
   32.1154
   26.8568
   34.6217
   37.2572
   33.8745
   40.7729
   29.5307
   33.0378
   53.4753
   22.4048
   24.1947
   50.8139
   34.6368
   26.5384
   27.1665
   26.7860
   31.1029
   25.9333
   21.4193
   22.2189
   28.1819
   35.2278
   21.1991
   30.6833
   23.2935
   45.5277
   40.5463
   42.8785
   64.3511
   25.3918
   50.6556
   25.9810
   42.5727
   35.8435
   24.3656
   32.5462
   24.3091
   38.1299
   38.4591
   22.8474
   43.9826
   32.8566
   26.2268
   38.0647
   25.4839
   44.4097
   20.7191
   25.8851
   47.9757
   34.8452
   50.8286
   27.0248
   30.7727
   30.7733
   27.8262
   32.4092
   35.1782
   33.2523
   61.0848
   24.2403
   25.3501
   35.0744
   25.3783
   30.0223
   41.7248
   58.1158
   39.7103
   38.5935
   30.4666
   22.5750
   26.7927
   46.9113
   64.7214
   49.5997
   28.3033
   21.1490
   21.5480
   30.2934
   33.6740
   65.5061
   26.6662
   25.9134
   48.3344
   45.6870
   49.5711
   63.4334
   59.6337
   33.9265
   23.1250
   49.6798
   29.3760
   33.8393
   27.8571
   31.3508
   23.0218
   25.6953
   41.0926
   34.4300
   35.2514
   63.9998
   44.6866
   26.6478
   26.5480
   63.3096
   58.6636
   48.0230
   35.6769
   45.9006
   25.2752
   23.4253
   26.6455
   40.0145
   26.0043
   31.1357
   30.8968
   32.5705
   20.5970
   42.6868
   27.4904
   25.5181
   43.9702
   22.3301
   32.9367
   29.5322
   28.4041
   34.2921
   31.1855
   73.6234
   22.4770
   23.8438
   30.5990
   54.1432
   24.0420
   39.8242
   30.0844
   24.8955
   35.6303
   28.6171
   51.7741
   46.2637
   26.7132
   24.9660
   25.6451
   32.3939
   22.1820
   40.0378
   37.9273
   22.1186
   33.2796
   61.8057
   33.3087
   38.3156
   64.8504
   30.6110
   51.2176
   27.3472
   37.1637
   43.4548
   28.1973
   96.4054
   29.5537
   45.2641
   36.5421
   60.8453
   52.5532
   21.9380
   39.4596
   33.5535
   23.7033
   30.5403
   26.1542
   22.3189
   74.9430
   48.9999
   59.3542
   25.4335
   19.9947
   23.3388
   30.2696
   32.1236
   22.8801
   75.9860
   29.2207
   25.2627
   45.5732
   56.2072
   35.6735
   66.7183
   26.2083
   39.0291
   28.3635
   33.0973
   21.8654
   61.4772
   65.3277
   31.3429
   58.5169
   40.4025
   62.7518
   58.7245
   27.6560
   26.0988
   24.2414
   29.2356
   34.9273
   23.8199
   29.3625
   25.5656
   35.0059
   55.7566
   52.1803
   55.9889
   23.1567
   23.5055
   37.6260
   30.3769
   64.9670
   36.1460
   21.7193
   40.0633
   54.7431
   74.2974
   56.4093
   26.8762
   20.3637
   31.2868
   23.3967
   51.3103
   21.8413
   27.2681
   24.5150
   26.5657
   33.4986
   55.5295
   23.1524
   27.2829
   66.9324
   32.1125
   29.8706
   26.1123
   57.7980
   87.2638
   23.4202
   24.7542
   44.8794
   30.3670
   56.2994
   23.2377
   31.2772
   22.6432
   25.8443
   41.7601
   46.3883
   22.2839
   53.7287
   69.8014
   55.8110
   61.6585
   55.0429
   55.3693
   73.1224
   24.9302
   59.5701
   28.1582
   55.2082
   43.8829
   29.2716
   35.3148
   37.0133
   22.7444
   31.9104
   28.6458
   25.2951
   24.7889
   23.4830
   70.0341
   24.5990
   20.8339
   84.0348
   36.2896
   25.1391
   60.5169
   27.0524
   21.9298
   38.6705
   23.1411
   89.6015
   40.6895
   24.3279
   20.5202
   25.5656
   26.8353
   34.5569
   25.0060
   34.2412
   71.8574
   46.4505
   22.6511
   37.6725
   64.8919
   43.6299
   22.5375
   42.8178
   29.3318
   29.3072
   36.3616
   27.2433
   21.1557
   35.2821
   23.5066
   32.9017
   28.6317
   70.8182
   33.3427
   22.5717
   24.4978
   22.3698
   27.8400
   34.0976
   22.7156
   40.9205
   22.9903
   39.2050
   68.7627
   27.0582
   64.9309
   54.2198
   78.2002
   61.4488
   55.3098
   37.1929
   29.1671
   23.4416
   24.9242
   26.1580
   43.9944
   43.9707
   23.8040
   61.8158
   47.3459
   26.8262
   23.3575
   42.9042
   33.4481
   33.7679
   32.8281
   25.6866
   77.4116
   25.7745
   33.4989
   45.7119
   25.2872
   51.0125
   26.6773
   31.3520
   34.1626
   38.3452
   22.6437
   26.4008
   24.9406
   22.0071
   51.0787
   36.1100
   28.5252
   32.8130
   20.9230
   87.1430
   28.0855
   37.9318
   23.6316
   37.0824
   25.1195
   25.4967
   65.8218
   25.9174
   32.0790
   24.5680
   50.3014
   22.5350
   45.2966
   37.5058
   33.7844
   36.8145
   31.5625
   22.7879
   24.9360
   24.7144
   32.7033
   59.6993
   21.7088
   26.5370
   55.8670
   22.7505
   31.5385
   35.2206
   25.5037
   59.8716
   32.6810
   30.1655
   29.8705
   29.5831
   43.3098
   26.8929
   29.7920
   24.9918
   29.6894
   36.7907
   23.2269
   22.5074
   57.0402
   58.4993
   76.1775
   57.4098
   32.2074
   26.6296
   37.9589
   36.3773
   35.1280
   25.0849
   62.8357
   24.9958
   33.1847
   76.2650
   65.5502
   30.8388
   38.7805
   20.8977
   35.1568
   22.9669
   37.6816
   73.7792
   25.7339
   40.9855
   29.2079
   28.1476
   22.8853
   44.9598
   30.6485
   30.1566
   37.1941
   41.3145
   44.0338
   25.4667
   64.8486
   29.7695
   39.2487
   54.2023
   34.9096
   28.4930
   28.0904
   26.9266
   23.9248
   46.8141
   59.5402
   90.5316
   24.5767
   30.9490
   30.2821
   24.1702
   25.9954
   49.4706
   22.5273
   41.6737
   55.9640
   31.5470
   30.6476
   26.4481
   24.2534
   30.1830
   28.6575
   30.2014
   28.3221
   36.3742
   45.1169
   22.1313
   24.1395
   28.5653
   32.6768
   38.1189
   24.4864
   40.3960
   29.3915
   27.3934
   27.0425
   20.8902
   23.8427
   23.6321
   29.2529
   29.5630
   52.6540
   40.2701
   71.5795
   29.2192
   24.7400
   39.5215
   23.4189
   60.0697
   23.6398
   65.3015
   28.8754
   81.7872
   23.3825
   38.9305
   57.1254
   49.0368
   59.9638
   24.2610
   26.6831
   28.7415
   32.1455
   43.6709
   27.8464
   51.5796
   66.1250
   57.2546
   26.8945
   29.8573
   44.3990
   21.6717
   22.6006
   22.3543
   62.2686
   26.1995
   20.7948
   39.4069
   23.7288
   26.0663
   37.4657
   37.3770
   23.8368
   24.9381
   52.9043
   28.8274
   28.4902
   23.8042
   56.5290
   30.1415
   33.0871
   33.4361
   31.7229
   41.4354
   40.1402
   24.2344
   36.2630
   23.5903
   38.0134
   32.6997
   28.6534
   20.9470
   27.3471
   40.9416
   45.0342
   62.2692
   24.9619
   59.5983
   32.1886
   36.2688
   69.4451
   30.0157
   44.4487
   31.0293
   56.9481
   39.4448
   48.4240
   38.3104
   27.4572
   23.3022
   30.1857
   24.2491
   57.0364
   53.5537
   59.2933
   22.4624
   28.9410
   45.8216
   32.2308
   39.8575
   60.7257
   25.5752
   27.7216
   32.5233
   26.2646
   64.1241
   66.6339
   45.2219
   31.3422
   36.0956
   29.2215
   28.8185
   31.9419
   30.7583
   65.7170
   28.0926
   32.4177
   27.7373
   36.2844
   24.1463
   24.3011
   25.9466
   21.7696
   45.2068
   25.9341
   41.2645
   37.8815
   24.7488
   25.2610
   51.0392
   65.0610
   39.0611
   71.6338
   42.4991
   43.3896
   36.4460
   49.5912
   37.3512
   25.2887
   23.0990
   40.8320
   31.3986
   37.1125
   31.8776
   35.3996
   24.1309
   24.0721
   32.3813
   25.1409
   39.5078
   28.7910
   29.7728
   36.5889
   65.6202
   31.7331
   48.4025
   29.1355
   47.3886
   36.8072
   70.1709
   46.3584
   38.8269
   37.8079
   53.1353
   53.6918
   51.6788
   41.6716
   29.2020
   27.5371
   22.9973
   21.6321
   24.6097
   32.9589
   25.8670
   40.4578
   22.3216
   23.3234
   33.4072
   58.9623
   25.1749
   20.9304
   46.2552
   25.4040
   25.5350
   23.1218
   31.4208
   29.7160
   40.0091
   89.7703
   39.5157
   62.5689
   28.9734
   62.6223
   21.3698
   32.4167
   47.4631
   21.2995
   34.2547
   37.7998
   39.6600
   39.2618
   50.8387
   30.9764
   26.1023
   29.5809
   36.4614
   26.1563
   25.0786
   24.8400
   49.8843
   25.3084
   27.9490
   25.9093
   47.2653
   30.1634
   30.3289
   26.8101
   25.8169
   22.3982
   27.1177
   25.6769
   45.8173
   34.3831
   23.0826
   21.6584
   54.3333
   22.9545
   42.7688
   23.0006
   26.1615
   44.3385
   38.2308
   34.9057
   54.2407
   39.9090
   33.7297
   38.6363
   61.1964
   61.0909
   31.0105
   45.3708
   38.3568
   34.8377
   66.0356
   24.5456
   25.8321
   48.9712
   27.5434
   40.6900
   50.4183
   75.8633
   35.4337
   36.4720
   25.9867
   39.5974
   34.8941
   27.6012
   27.6899
   22.8512
   22.4157
   28.3343
   20.8265
   27.5885
   33.7226
   39.3815
   33.8510
   24.7353
   25.8682
   39.2724
   24.0896
   32.0428
   41.6039
   71.5453
   29.1357
   29.0717
   51.5588
   70.7977
   26.2833
   32.5919
   24.4286
   32.0793
   24.9850
   23.4316
   42.7292
   37.7967
   33.8579
   23.3831
   24.9955
   22.9376
   47.4463
   45.8682
   27.6952
   34.9711
   36.7885
   38.0703
   34.9651
   32.4436
   28.6491
   52.9556
   68.2728
   25.3895
   21.5008
   25.1058
   33.1140
   26.0224
   31.3852
   55.7018
   27.7700
   22.8062
   30.2089
   22.2992
   23.9975
   62.6131
   50.2481
   58.4301
   23.6217
   23.0395
   47.3822
   23.0345
   24.3736
   33.0238
   39.1814
   26.1941
   66.6043
   35.9812
   25.2386
   43.3184
   45.0750
   71.5111
   24.5922
   32.5349
   47.9522
   23.9300
   49.4986
   50.6868
   40.0486
   61.1145
   22.6139
   55.9224
   25.3169
   52.8083
   49.0102
   27.5138
   21.2308
   58.7638
   37.5164
   45.0104
   28.5717
   52.6575
   24.7238
   41.4149
   35.4160
   24.2294
   23.8554
   25.8725
   24.6019
   30.3892
   34.8525
   29.0555
   27.6459
   36.1338
   29.9322
   27.2611
   30.7242
   25.8182
   41.8106
   31.6291
   25.5120
   28.0029
   51.3814
   24.2722
   53.6948
   23.6560
   22.9109
   20.6513
   25.8023
   49.2532
   58.6574
   31.7603
   31.9659
   28.0235
   61.8760
   24.4356
   26.2558
   39.5026
   56.1493
   59.1237
   22.0218
   30.2603
   33.0188
   26.5385
   59.3147
   33.6272
   39.1647
   26.6520
   30.3017
   29.0392
   28.6433
   39.1756
   30.2468
   45.7681
   24.0858
   25.4301
   40.4588
   31.5322
   40.7111
   28.9751
   43.4403
   36.3702
   45.5442
   45.8108
   26.9510
   53.5972
   34.4783
   22.1360
   62.4752
   23.7213
   38.5678
   35.9674
   32.7191
   28.3676
   49.4248
   28.2132
   28.3642
   41.7820
   29.4382
   65.1443
   31.3291
   28.2387
   29.8279
   33.3926
   34.7663
   32.8311
   67.8236
   31.5721
   23.3028
   34.2257
   23.3795
   40.7093
   35.1488
   24.4072
   20.7041
   42.3860
   24.5635
   43.1721
   39.4980
   23.7809
   32.8029
   44.5795
   30.2105
   33.9526
   36.6347
   38.0100
   36.5128
   49.0558
   60.8468
   35.2060
   27.6736
   29.0819
   32.2458
   29.0669
   30.2285
   38.5556
   29.0416
   34.5255
   53.7603
   26.7121
   24.9834
   35.0423
   24.4045
   29.1760
   25.4273
   26.4194
   41.5783
   42.4985
   63.9793
   36.1015
   30.1187
   86.5043
   22.5995
   47.8228
   25.8081
   31.0384
   36.0202
   61.2241
   54.1519
   36.4834
   33.6051
   25.5191
   25.0447
   42.7023
   34.0955
   33.8483
   57.0485
   23.6520
   32.6602
   20.0157
   26.0713
   31.2478
   40.0546
   29.0802
   25.2625
   23.1408
   30.3350
   25.2255
   44.3380
   38.6476
   32.7844
   25.4553
   63.7524
   26.0538
   26.0856
   43.5151
   64.6895
   47.3077
   55.0958
   26.1735
   25.6303
   22.2531
   73.3926
   29.0031
   28.6628
   23.1989
   51.4130
   32.3288
   32.3704
   34.6641
   30.0155
   53.7745
   27.8844
   40.5907
   25.8824
   53.8281
   32.0336
   22.6453
   60.8905
   24.7186
   27.1993
   27.4796
   59.3748
   28.8647
   23.1181
   20.4968
   24.4810
   36.4513
   21.6059
   27.9980
   32.9207
   24.6490
   33.8957
   36.6280
   30.3023
   23.0552
   23.4268
   23.9204
   22.1823
   30.7032
   42.2827
   25.1953
   26.8531
   61.3995
   28.8475
   23.2609
   28.0126
   53.3038
   28.5241
   23.9109
   22.7797
   26.2616
   60.7445
   21.5101
   24.5966
   32.3369
   61.2511
   46.7835
   37.1643
   28.7089
   20.9865
   27.9091
   28.6203
   29.8077
   32.0903
   21.8406
   63.3237
   20.9254
   29.7645
   64.2434
   39.0806
   55.6296
   22.8857
   37.0304
   38.8193
   36.1639
   29.8147
   25.3297
   48.0647
   39.0802
   63.8880
   34.0496
   21.6658
   60.9861
   21.8534
   20.7324
   59.0222
   47.7208
   22.5063
   25.4146
   37.1586
   36.4712
   24.2139
   33.4176
   22.8902
   27.5424
   21.7371
   24.4116
   20.1778
   58.9683
   23.1144
   52.4141
   39.1923
   21.5988
   48.9288
   24.3181
   24.0738
   40.6767
   26.2134
   25.6906
   49.0436
   33.0219
   25.1419
   30.7958
   33.6378
   53.4275
   58.1380
   46.1841
   24.9465
   22.1970
   22.1244
   33.6726
   37.0092
   66.7830
   22.0676
   36.1632
   37.4295
   29.6489
   27.4895
   32.5700
   27.4711
   25.8966
   26.1064
   27.8325
   31.1902
   27.7923
   29.7541
   27.9275
   41.1211
   50.0420
   23.4276
   21.4006
   22.3871
   56.0438
   36.9620
   43.3016
   52.5440
   38.5177
   25.8313
   25.1532
   27.3869
   39.2792
   19.9447
   31.0476
   28.3504
   35.5051
   24.4158
   21.7021
   48.5702
   24.2745
   22.0383
   47.1449
   30.9508
   21.2249
   70.9259
   35.7697
   25.7531
   34.4505
   51.4413
   77.0029
   49.9419
   39.7140
   54.7947
   26.5553
   73.2004
   20.4445
   83.2405
   26.2126
   61.5398
   37.7650
   55.8007
   35.9621
   27.7851
   49.2541
   56.5522
   23.6984
   45.1520
   32.7473
   39.3870
   23.2871
   25.0683
   36.6385
   32.5261
   30.3042
   37.9104
   61.9889
   24.6345
   25.3499
   22.1012
   54.6367
   54.1550
   26.1037
   43.6487
   38.8110
   44.6466
   46.2195
   66.8790
   58.8695
   34.9098
   30.5951
   41.4143
   24.0489
   21.6338
   28.1089
   41.0109
   30.7740
   52.3857
   54.5885
   28.8942
   32.9369
   32.3623
   22.6164
   39.0659
   58.6632
   25.3893
   42.4434
   34.0252
   22.2226
   30.8528
   34.5273
   41.8114
   43.3409
   51.1106
   46.5564
   28.8474
   31.7603
   22.9621
   25.8940
   35.6589
   42.4804
   29.7710
   39.2112
   23.7441
   21.3910
   27.6291
   27.4994
   42.3586
   24.5067
   24.2317
   24.2155
   26.5318
   35.6518
   24.1008
   40.9120
   25.9414
   38.5285
   34.7985
   62.2930
   32.8416
   20.3513
   23.4883
   32.2880
   24.2958
   30.6487
   33.2847
   23.0800
   22.6782
   32.6208
   30.5590
   37.1637
   34.2909
   31.8898
   24.0940
   38.8559
   40.8825
   40.0445
   26.2233
   35.5276
   20.6343
   62.3421
   21.9826
   21.7854
   26.1074
   30.3368
   28.7018
   27.6548
   31.0410
   59.7468
   49.3822
   23.0317
   23.5645
   28.6099
   31.2101
   57.0845
   31.2153
   22.9757
   24.6679
   45.3139
   35.5815
   42.7686
   44.7418
   28.8876
   31.0095
   38.8490
   29.0901
   62.4552
   21.1264
   24.5224
   39.5426
   32.6123
   24.4787
   29.3985
   32.8322
   47.1225
   29.9544
   35.9527
   27.3421
   32.7848
   31.4010
   38.2676
   43.0669
   22.3555
   55.6941
   22.6725
   48.1873
   24.9760
   36.4563
   22.8983
   52.5538
   33.6697
   24.9594
   26.1514
   53.4378
   52.8989
   55.2265
   30.0842
   31.2144
   25.7474
   30.3235
   37.7113
   37.3764
   22.1830
   22.9069
   45.1355
   25.4751
   41.1704
   62.0014
   28.6743
   25.3225
   24.1047
   39.6915
   48.4346
   22.0084
   25.2218
   43.7655
   22.0316
   22.6256
   33.4395
   27.7906
   31.1832
   20.4905
   26.2386
   32.2943
   52.6383
   31.3541
   32.4091
   59.6528
   31.4324
   38.9834
   26.7821
   31.1204
   31.1850
   31.3325
   33.0967
   26.4381
   32.5438
   26.1283
   34.2734
   23.9352
   26.8883
   23.9704
   50.1466
   30.4564
   40.8733
   30.5740
   69.7031
   51.3884
   44.5691
   27.3520
   25.9958
   41.7847
   23.5065
   55.9485
   25.5343
   26.4390
   62.8386
   68.3646
   28.4041
   25.3767
   41.2569
   37.6373
   28.2883
   32.7759
   33.7734
   24.5007
   21.0335
   35.7735
   20.6171
   29.1352
   21.9167
   66.1324
   43.3013
   29.5942
   28.8344
   37.8119
   38.5788
   28.2854
   40.4272
   62.0481
   29.3652
   22.5473
   30.8866
   26.1892
   21.4883
   44.4170
   24.8171
   44.5312
   25.1613
   69.2168
   21.1471
   21.3024
   22.2861
   24.1445
   27.3684
   27.6495
   39.0240
   61.4127
   26.3916
   36.9833
   26.2618
   53.2203
   22.3796
   36.0890
   53.6041
   66.3463
   27.7532
   25.7197
   41.4042
   47.5814
   29.1215
   23.3073
   24.7469
   52.7424
   24.8846
   25.3912
   32.7437
   25.4998
   44.0012
   40.2745
   37.4439
   24.0949
   27.0587
   46.4324
   21.8215
   23.5750
   21.3363
   63.3027
   58.5461
   63.2107
   27.8772
   43.2760
   25.8544
   31.0520
   31.0448
   23.4385
   24.0630
   33.3159
   29.7156
   35.0218
   42.7164
   22.2596
   34.0588
   25.1610
   23.9907
   38.8573
   25.7000
   31.0266
   46.2959
   45.1568
   33.2480
   48.8504
   36.1139
   71.5906
   30.2266
   47.0785
   34.6280
   26.3184
   25.1607
   33.5925
   28.3973
   48.0030
   23.1861
   24.1712
   36.4016
   23.1892
   24.5947
   21.8158
   49.3782
   65.4757
   23.0876
   52.5487
   24.0540
   22.3168
   66.5967
   21.3088
   22.8217
   21.3985
   31.0227
   42.3486
   22.0630
   28.3751
   21.3011
   23.1075
   21.4298
   25.7429
   27.3438
   50.2211
   34.9593
   28.9256
   26.9881
   62.0636
   30.9663
   23.0561
   22.9417
   21.4714
   33.7606
   46.1717
   34.9665
   24.1593
   24.0494
   24.1305
   21.3423
   38.2973
   21.0884
   23.3449
   25.6780
   77.0054
   29.8781
   21.8597
   28.3107
   25.3473
   37.2270
   34.9567
   37.9378
   33.6183
   29.6755
   21.7950
   44.5218
   31.9995
   21.0787
   29.0384
   52.6243
   23.8287
   39.0390
   58.1976
   56.9591
   22.3170
   30.5280
   44.6736
   31.6695
   50.7637
   43.0713
   72.0480
   41.4123
   54.8495
   23.9358
   80.2307
   21.7530
   23.9147
   48.2018
   25.1317
   33.6047
   38.6083
   24.0850
   47.8345
   38.1491
   45.7538
   59.0578
   23.9601
   22.3082
   30.4930
   74.0204
   28.7233
   21.0276
   24.0753
   26.6036
   30.5216
   24.7070
   25.5100
   24.8087
   37.2541
   40.2306
   58.4928
   42.9224
   24.5698
   54.9949
   35.4129
   64.5874
   24.5863
   39.0895
   24.7261
   27.4298
   44.6015
   31.7314
   38.5165
   45.3673
   33.8995
   38.0698
   37.2732
   39.6288
   37.4011
   49.8491
   32.6348
   23.6664
   23.7157
   25.9281
   30.5264
   27.8249
   64.8749
   47.8024
   58.7826
   59.9963
   39.6472
   25.3702
   22.4759
   24.8843
   25.5670
   39.7966
   32.7940
   59.3056
   30.8180
   24.1536
   29.3668
   31.9478
   37.7011
   27.2889
   30.9129
   28.0478
   23.3170
   58.9332
   52.5335
   40.4044
   22.0694
   38.9013
   65.2073
   23.4221
   35.8243
   33.2682
   28.7450
   23.7591
   24.4771
   23.1084
   80.3222
   32.3714
   24.4974
   63.1324
   31.5375
   20.7116
   44.6839
   43.2830
   26.2355
   32.9566
   35.5194
   40.8545
   52.9741
   32.1990
   71.5080
   26.2901
   27.3677
   66.6255
   36.7808
   30.4894
   24.2856
   30.1018
   38.9102
   21.8700
   21.7843
   82.7383
   30.9760
   40.6416
   34.4094
   61.0114
   22.1635
   29.3553
   32.8368
   20.3800
   64.8718
   35.9465
   65.9682
   23.4180
   31.4057
   32.8460
   30.9317
   48.6756
   54.2463
   62.6452
   47.5620
   24.7243
   27.1066
   75.8901
   40.3753
   51.2902
   48.0137
   53.8025
   22.9807
   59.9116
   32.4119
   42.1499
   49.9825
   23.1561
   44.1653
   33.3264
   22.8759
   45.4770
   42.3682
   55.9692
   30.1389
   49.9598
   79.0230
   63.9167
   28.8293
   39.0313
   33.8623
   56.4149
   23.9408
   29.2846
   37.7506
   32.2616
   36.7632
   45.8550
   35.2888
   32.6540
   36.0356
   22.4896
   28.4014
   34.3967
   25.0877
   59.4097
   21.0455
   25.7607
   32.4626
   68.0616
   52.5871
   50.0481
   25.4018
   30.3737
   23.6576
   23.6313
   26.2985
   22.4241
   25.5375
   57.3766
   29.1102
   25.9081
   41.9763
   53.6288
   38.6687
   39.9994
   38.3207
   34.1859
   90.9208
   46.4163
   21.0289
   64.9890
   44.5274
   22.4873
   48.5584
   33.5353
   25.8495
   24.2818
   29.0634
   46.3854
   44.6329
   53.0803
   26.1666
   52.2157
   25.2787
   23.1403
   29.7390
   56.7162
   24.9447
   38.2946
   38.2549
   24.9881
   37.1426
   25.0994
   21.0671
   41.7573
   28.3290
   26.4488
   31.7103
   24.2936
   44.2096
   23.7663
   30.3780
   26.9577
   30.1840
   20.8775
   21.7574
   28.1211
   34.1596
   31.2476
   38.4846
   23.6366
   81.9937
   26.2788
   26.4709
   24.8527
   23.5599
   23.3853
   27.7096
   40.5396
   56.5883
   20.4102
   37.0130
   23.7035
   25.7451
   37.8084
   40.2271
   51.9665
   28.2475
   81.7414
   36.9975
   26.9597
   23.6525
   26.3640
   25.0844
   27.0465
   25.4425
   38.1070
   29.6127
   37.2915
   35.9363
   36.4060
   23.6579
   39.8359
   21.4917
   22.1613
   27.5011
   26.9941
   24.1446
   40.6163
   34.7931
   30.0969
   62.3952
   25.6621
   45.3635
   25.6110
   28.8287
   30.7983
   42.6210
   29.0770
   47.4299
   24.1114
   24.8827
   34.0807
   61.5299
   26.3792
   21.9445
   50.5908
   31.5539
   55.7381
   33.2008
   38.4208
   61.4662
   69.1156
   35.3745
   67.5945
   35.2937
   35.5203
   25.3726
   58.1641
   25.2784
   47.7724
   25.0268
   61.8790
   28.6814
   22.1139
   41.5901
   46.6562
   37.3446
   32.5830
   28.0522
   29.7782
   34.5701
   30.5519
   27.5119
   28.6866
   55.9419
   25.8145
   29.0870
   62.2605
   30.6207
   34.5662
   26.7233
   29.6723
   34.2520
   21.0328
   36.0180
   29.5492
   34.9695
   43.9281
   33.9404
   38.6501
   46.4599
   30.4254
   25.9633
   61.0456
   23.4515
   33.7686
   38.7512
   59.7287
   52.7555
   65.4576
   79.9896
   73.7679
   22.6192
   62.3489
   39.1300
   53.8886
   28.8894
   33.6016
   24.7373
   33.5687
   25.2819
   41.0623
   37.2255
   38.2695
   25.6385
   59.8168
   38.3000
   25.0409
   74.4502
   53.0171
   27.9564
   51.3644
   36.9940
   28.1282
   43.7603
   22.9779
   55.7400
   56.4164
   42.1766
   25.6797
   38.6333
   37.5402
   54.4343
   67.2141
   45.8038
   31.3629
   29.6990
   35.6362
   23.8219
   22.0368
   22.1292
   22.1503
   24.6291
   36.8652
   69.7781
   21.5066
   64.7928
   58.3945
   22.5052
   21.9154
   22.0534
   33.2173
   46.7850
   28.7061
   48.3573
   84.7799
   25.4540
   69.6604
   34.4878
   25.0743
   43.0288
   32.8790
   41.4510
   30.1605
   34.8446
   28.2296
   63.5077
   24.2007
   50.0554
   21.8414
   24.5884
   40.5229
   32.4497
   33.0614
   34.5605
   27.4380
   24.1743
   44.3623
   28.0995
   26.2144
   23.4903
   40.6011
   24.4019
   38.3449
   44.2635
   22.9981
   29.2775
   40.9310
   28.0624
   26.7778
   29.2858
   23.4194
   25.9754
   26.3227
   22.3199
   27.4644
   26.0342
   59.4874
   60.9415
   22.9193
   65.9134
   27.4970
   30.9779
   46.3761
   47.3833
   23.2391
   23.2281
   29.1947
   47.9174
   23.2156
   28.5851
   30.2991
   24.3354
   28.1741
   26.7176
   29.7805
   36.0717
   68.2792
   27.3717
   21.5111
   23.1815
   23.0053
   23.6960
   23.7012
   23.5817
   32.2176
   26.7899
   31.6394
   40.9033
   27.8238
   44.9119
   31.0954
   28.5712
   27.6483
   42.5873
   55.3470
   21.0647
   26.3857
   49.5007
   26.9279
   50.4868
   59.6641
   33.8329
   22.1031
   97.1446
   22.2780
   58.8792
   30.1524
   21.2806
   20.7957
   29.4561
   55.5181
   23.3600
   33.7845
   40.5954
   25.6645
   30.4750
   26.0184
   26.4073
   28.6304
   38.1112
   47.9957
   55.7167
   26.3893
   65.8478
   26.3871
   23.2716
   40.0821
   31.2901
   32.1167
   52.9469
   25.0322
   31.9044
   21.7657
   39.6366
   37.9387
   46.7809
   23.9810
   24.2333
   48.5669
   40.9507
   47.3980
   38.0012
   49.6218
   47.0645
   30.1347
   31.6826
   41.9335
   28.7161
   23.5448
   64.2754
   22.6766
   26.0636
   51.8965
   48.4995
   24.7931
   33.3562
   33.4028
   26.5213
   28.8312
   28.4894
   21.5473
   38.9575
   29.8484
   35.6819
   62.0377
   34.4206
   30.2935
   23.8331
   33.7233
   31.1279
   60.7411
   35.3394
   37.9806
   40.7088
   40.7551
   24.3683
   25.5215
   31.4685
   35.4590
   24.6115
   30.8405
   25.7413
   23.7791
   26.9011
   26.7453
   47.0445
   47.9586
   43.8875
   36.7356
   31.5998
   65.5547
   44.4225
   21.8598
   23.6541
   28.9832
   29.1130
   36.5443
   43.3339
   26.0278
   33.7882
   59.8504
   51.5714
   24.3854
   33.7973
   33.7183
   65.3550
   40.0315
   31.9091
   51.5544
   28.2838
   36.0343
   42.9912
   61.4326
   23.1527
   59.0664
   23.1652
   33.5874
   27.9922
   26.7475
   58.5240
   25.2857
   82.0032
   37.4168
   42.1989
   51.6778
   24.0636
   25.9104
   29.5282
   40.3854
   33.2162
   50.9527
   23.8565
   39.5023
   60.2282
   54.1397
   22.7465
   39.9809
   37.4470
   21.8726
   21.2806
   24.9861
   34.5634
   54.5960
   21.2791
   31.3587
   65.6428
   28.1006
   36.1103
   26.8936
   26.1164
   25.2156
   30.4412
   51.9847
   28.0099
   36.1747
   23.3059
   30.8317
   30.8129
   33.2239
   23.4436
   62.1079
   25.0567
   31.9286
   28.6704
   24.3350
   40.1920
   39.7079
   69.9760
   21.0702
   20.4220
   39.7961
   51.5355
   22.7725
   42.7902
   99.8978
   26.5061
   32.4871
   33.7959
   28.2696
   36.3898
   32.2455
   51.4492
   25.7619
   79.3560
   26.3350
   25.6501
   33.5462
   35.4410
   21.9460
   89.0922
   26.2640
   22.0993
   51.9164
   21.5151
   32.8660
   25.9261
   25.1818
   35.1291
   27.3421
   57.4518
   62.5248
   44.3494
   24.3329
   54.0349
   22.4444
   24.3684
   51.6048
   34.9164
   40.2454
   21.0497
   27.2418
   27.8770
   60.4574
   42.9959
   26.1816
   40.5854
   23.7301
   25.0252
   24.6246
   25.0059
   52.8901
   51.3509
   55.2022
   27.4792
   34.0843
   39.0241
   55.3222
   31.1394
   39.1517
   82.4160
   61.4662
   22.4061
   29.2463
   51.6195
   26.8717
   26.3722
   55.2384
   55.4038
   37.3207
   23.5848
   30.3645
   22.1882
   38.2515
   33.9762
   29.4660
   21.8526
   25.0287
   38.2140
   45.5795
   22.7796
   60.1317
   93.3113
   22.7983
   25.4218
   22.5058
   26.4572
   42.6207
   20.8156
   32.8732
   80.2627
   39.4869
   56.7839
   28.2628
   33.7284
   23.9426
   37.5626
   43.8185
   74.8079
   21.4081
   20.3846
   20.7507
   41.2269
   97.0325
   21.7254
   22.2740
   45.0904
   27.6957
   38.9300
   55.4019
   22.8418
   35.7699
   30.2641
   60.3526
   29.4656
   30.5008
   43.1998
   21.1805
   33.8502
   51.8511
   22.7364
   22.4767
   34.9593
   23.7320
   21.8454
   52.5026
   24.5490
   34.4710
   38.3101
   24.0254
   28.5233
   27.0275
   30.4482
   32.8822
   40.7266
   56.5719
   45.2851
   32.1336
   55.2358
   21.7119
   53.9617
   50.3677
   28.0097
   29.3503
   21.4646
   62.6292
   24.4443
   20.8906
   29.8253
   27.3770
   32.7138
   44.6171
   24.5602
   55.8034
   39.1211
   52.8571
   48.9410
   26.7494
   29.5315
   22.7489
   37.7768
   44.4963
   27.9076
   31.4636
   45.4234
   60.0016
   56.7345
   69.0427
   35.6755
   37.3003
   38.6430
   22.5374
   26.5309
   39.0393
   47.8822
   33.8527
   24.8542
   29.2885
   23.6132
   21.0318
   23.2919
   22.6586
   32.3633
   21.0710
   24.2233
   77.6751
   20.5081
   59.1152
   35.3888
   59.3894
   25.9913
   23.0915
   35.1288
   23.7523
   24.4774
   44.5056
   45.9758
   32.0415
   26.4172
   23.1794
   75.2279
   72.3307
   60.5686
   41.7066
   33.0631
   57.2170
   29.8642
   62.5615
   54.5703
   25.7228
   67.4200
   23.9170
   25.6625
   22.5773
   58.2712
   24.8377
   21.1860
   31.3606
   24.8141
   30.2946
   26.4575
   21.3439
   26.6555
   27.7204
   27.0057
   21.5461
   25.1406
   37.3922
   63.6003
   25.3177
   37.7943
   39.0745
   35.7392
   36.2891
   25.2195
   29.9582
   33.4031
   29.2416
   53.8856
   44.1496
   24.4298
   25.1300
   34.1619
   48.6529
   24.9884
   30.4520
   24.7204
   23.3018
   24.9356
   42.5760
   36.8070
   24.8090
   26.6485
   25.1117
   37.1748
   21.4490
   26.7173
   46.4261
   26.7772
   32.5948
   23.5827
   47.2564
   20.9863
   22.1352
   23.1583
   24.8592
   22.7850
   47.8168
   35.4649
   24.3904
   39.1912
   22.0091
   25.8240
   60.6373
   21.3091
   25.2735
   55.0903
   25.2686
   27.4476
   24.1079
   34.4317
   48.4553
   38.5597
   22.0129
   41.1417
   26.5826
   35.9427
   54.9197
   36.9358
   42.3467
   53.5110
   52.2336
   29.3867
   29.9595
   32.1714
   24.4700
   32.9828
   34.9273
   28.5996
   26.6719
   42.9675
   31.1350
   25.3711
   51.7750
   23.8529
   55.6502
   26.5642
   27.0564
   36.2895
   24.9512
   36.2332
   35.4868
   37.6765
   39.3702
   39.5807
   39.1507
   33.5300
   31.9615
   52.9958
   23.9881
   55.6472
   38.0247
   55.9713
   29.5518
   30.9439
   52.8203
   41.5609
   33.6576
   35.4885
   22.1052
   25.4212
   24.7356
   30.0234
   25.7981
   42.1550
   23.9058
   22.5262
   33.1962
   22.9592
   35.3407
   24.6829
   29.3306
   28.3462
   28.5971
   37.2213
   42.4230
   41.1352
   48.9226
   26.9114
   38.8828
   36.9107
   32.3053
   40.8934
   86.8422
   23.7531
   24.9772
   31.4930
   24.7640
   47.7903
   41.8128
   24.3174
   29.0401
   23.0394
   31.6489
   41.3667
   25.8058
   26.9207
   26.1242
   36.3685
   31.0396
   22.1636
   55.1611
   22.9346
   24.8500
   33.8330
   22.0838
   27.9951
   50.8571
   25.6093
   25.6077
   42.2621
   33.3981
   59.0498
   23.2280
   21.7703
   22.7276
   26.0838
   24.4330
   25.9549
   33.2908
   28.2838
   29.5820
   60.9532
   23.7913
   20.1834
   54.7101
   21.6808
   30.1819
   32.0974
   58.7225
   28.0608
   21.8619
   22.2840
   45.0572
   51.0135
   30.6658
   23.8033
   59.9842
   41.9308
   36.3903
   64.6163
   56.9387
   37.7559
   48.9847
   31.1661
   25.6744
   39.9478
   78.4988
   68.7214
   24.2420
   30.8198
   25.1791
   24.6796
   37.1972
   21.1842
   39.0651
   36.8743
   26.2516
   30.9862
   32.5720
   22.2982
   31.4345
   23.7530
   31.7605
   51.1918
   28.2756
   52.3994
   42.9519
   21.0163
   23.8243
   28.6711
   34.5945
   35.5812
   23.1601
   33.4935
   35.4990
   28.8426
   33.8401
   64.8201
   26.3991
   44.1653
   51.5337
   71.0818
   23.4172
   66.1327
   33.1889
   22.1066
   27.0162
   30.9843
   23.4594
   66.1197
   33.0199
   32.6611
   63.5516
   34.7927
   98.4020
   23.3454
   22.8946
   33.0300
   74.9303
   49.9108
   25.7094
   27.2811
   38.3939
   31.4578
   44.6787
   67.5312
   21.4051
   32.9213
   26.1457
   32.7760
   33.2382
   22.5805
   33.4513
   23.4890
   24.5776
   47.9760
   75.8079
   55.0937
   22.5618
   23.8936
   24.1321
   25.8542
   39.6128
   24.0129
   25.3685
   40.4633
   54.7929
   51.1847
   22.4969
   25.5497
   50.3779
   34.4973
   45.5643
   20.8275
   21.4818
   38.3097
   37.8851
   37.7825
   22.9148
   26.0105
   33.7169
   63.3415
   29.5506
   65.3465
   21.7335